2 7 2
56 121 166 102 93 119 165 112 99 
121 104 168 171 4 31 107 14 13 
166 168 66 74 24 129 133 18 157 
102 171 74 134 144 133 199 123 104 
93 4 24 144 198 17 197 115 107 
119 31 129 133 17 167 181 135 113 
165 107 133 199 197 181 163 25 162 
112 14 18 123 115 135 25 1 166 
99 13 157 104 107 113 162 166 67 
