2 8 12
0 153 199 121 75 140 126 65 188 70 
153 0 14 107 186 141 123 38 11 89 
199 14 0 64 138 6 144 63 107 109 
121 107 64 0 155 58 43 142 156 136 
75 186 138 155 0 188 96 119 13 82 
140 141 6 58 188 0 78 112 84 149 
126 123 144 43 96 78 0 65 98 7 
65 38 63 142 119 112 65 0 138 129 
188 11 107 156 13 84 98 138 0 196 
70 89 109 136 82 149 7 129 196 0 
